 np.array([[1252                         , 319709             ,   18              , 5.33],
 [1245                         , 318844             ,   24              , 4.77],
 [1239                         , 317549             ,   24              , 56.88],
 [1239                         , 318447             ,  25               , 7.11],
 [1256                         ,  320666            ,  18                , 3.87],
 [1252                         ,  319385            , 18                 , 13.82],
 [1258                         ,  321358            , 15                 , 6.13],
 [1228                         ,  314927            ,   28               , 54.26],
 [1251                         , 320554             ,  26                , 5.72],
 [1226                         , 314811             , 29                 , 13.71],
 [1254                         , 320158             , 17                 , 12.70],
 [1250                         , 322168             ,  14                , 7.23],
 [1250                         ,  318768            ,  20                , 17.87],
 [1240                         ,  318335            , 22                 , 10.16],
 [1254                         ,  320192            ,  17                , 11.49]])