np.array([[42.38                         , 11450             ,   4               , 0.24],
[38.92                         , 11450             ,   5               , 0.24],
[37.67                         , 10610             ,   4               , 0.25],
[ 42.07                         , 11279             ,   4               , 0.29],
[ 42.39                         , 11450             ,   4               , 0.24],
[ 42.39                         , 11450             ,   4               , 0.24],
[ 42.39                         , 11450             ,   4               , 0.29],
[ 39.29                         , 11220             ,  4                , 0.29],
[42.07                         , 11280             ,  4                , 0.28],
[39.29                         , 11219             ,  4                , 0.30],
[ 42.39                         , 11450             , 4                 , 0.24],
[ 42.39                         , 11450             , 4                 , 0.23],
[ 42.38                         , 11448             , 4                 , 0.25],
[ 39.29                         , 11220             ,  4                , 0.32],
[ 42.39                         , 11450             , 4                 , 0.32]])